1801034,
1701191,
1701115,
1701116,
1900172,
2001031,
1701107,
2101011,
2101021,
1801004,
2001030,
2301004,
1801011,
1701129,
1801023,
2001052,
1701217,
1801008,
2301002,
1701138,
1901017,
1701152,
1701103,
1701091,
1701162,
2001073,
2000052,
2000276,
2001000,
2001001,
1800067,
1800168,
2000147,
2000267,
2000153,
1900086,
2100007,
2400064,
1900103,
2000274,
2100123,
2000241,
1900130,
2000219,
1900100,
1701249,
1901018,
2001037,
1701101,
2301001,
2000319,
2101031,
1801012,
2401008,
2101001,
1701158,
2100116,
2401013,
1801042,
1801025,
2000258,
2000286,
2000294,
2000324,
2401017,
2101024,
2001050,
1801033,
2200048,
1800186,
2100140,
1701148,
2101012,
2100143,
2001021,
2101048,
1701206,
2000239,
1800063,
1900126,
1800139,
1800145,
2401035,
1701081,
1701248

-------------------analise no MILL & IPS estabelecimentos ativos em ambos os sistemas-----------
0100270,
0101206,
0201193,
0401021,
0100608,
1900106,
0201362,
1600464,
2000230,
1601083,
0200715,
1601043,
0401336,
0100274,
2401034,
0701206,
1600463,
1700483,
1700260,
1201052,
1700942,
0601038,
0201273,
0200209,
1601029,
1701053,
1800154,
0500398,
1700766,
0100456,
1401121,
0501158,
1201144,
0700242,
1600413,
1800179,
0100933,
0200114,
0200439,
0500556,
1700754,
0401345,
0401264,
0200495,
0300432,
1200236,
1100119,
2100072,
0400998,
0400894,
0900291,
0601023,
0701006,
0701188,
0300549,
0201384,
0901013,
2000234,
0101138,
2001045,
1300009,
0701111,
0200754,
0201434,
1701248,
1201149,
0301040,
0201413,
0101177,
0101000,
0100280,
2401038,
1901039,
0901037,
0500019,
1000542,
0501108,
0300027,
0800089,
0201441,
0401392,
0401137,
0401153,
1400257,
1700305,
1900052,
0201186,
1401066,
1000528,
1601183,
1600287,
0401109,
1701092,
0400753,
0401055,
0100789,
0201206,
1800172,
0900215,
1200214,
0100845,
0401207,
2000180,
0100849,
0400609














0200698,
1201021,
0400436,
0400054,
1701010,
0101190,
1401019,
0400065,
0301001,
1700361,
0201181,
0801023,
1501016,
0400965,
2100143,
0401182,
0201246,
1000149,
1501011,
1801006,
1701036,
0700003,
1001045,
0400880,
0200870,
0201425,
1200188,
0400399,
1601107,
0500036,
2101005,
0701145,
0400531,
0500604,
0100012,
1201098,
1600404,
0400303,
0401205,
1201137,
0100734,
2001015,
0500559,
0201256,
0400572,
1601134,
0701141,
0401366,
0100473,
0101202,
0200286,
0301053,
0900033,
0400936,
2000206,
1800061,
0401082,
1700986,
1300199,
1700810,
0300382,
0201298,
0401212,
0401348,
0100555,
1000541,
0200525,
0501082,
1800142,
0501000,
1200313,
0200978,
0201395,
0200945,
0701000,
2401004,
1500084,
1701103,
0501092,
1200146,
0200930,
1000482,
1901010,
0301035,
1901005,
0601048,
0501087,
1001097,
0400040,
0401075,
1200078,
0200193,
0401236,
1301013,
1600018,
1801024,
0101144,
0201058,
1200364,
0001004,
1701061,
1601161,
1101030,
0401031,
0301025,
0200272,
0201464,
1401087,
1200421,
1301021,
2000115,
0401084,
1101055,
0401312,
1800080,
0701073,
0300571,
1400203,
0200142,
0701089,
2101051,
1901036,
0600171,
1201090,
1401120,
0701081,
0101199,
0200471,
1000350,
1701196,
0201443,
0801021,
1701264,
0200938,
0701059,
0400886,
0701077,
1700711,
1200309,
2000294,
0100968,
0201408,
1101041,
0300550,
0201391,
1700267,
0401359,
1700011,
1401144,
1901060,
2001054,
0401382,
0100321,
1800190,
0300427,
1400246,
0101147,
0201302,
2201002,
2301004,
0701146,
0701176,
0501079,
2001031,
1401004,
0401152,
1700778,
0701179,
1201126,
1701130,
0100328,
0200248,
0500479,
0100315,
1301039,
0001027,
0300457,
1701275,
0400882,
1101057,
0700416,
2301002,
0500587,
0501132,
0200668,
0700221,
0201141,
0200026,
1201083,
0900087,
1000043,
0201237,
0401233,
1001101,
0100858,
0701205,
2101016,
0701156,
0201060,
0100652,
0401045,
1401037,
0500378,
1501041,
0201090,
1201132,
0501167,
1901034,
0100813,
1401018,
1701070,
2401010,
0200704,
0300475,
0300588,
0400298,
1201107,
1401050,
0401032,
1601168,
1700408,
1801037,
0900133,
0700468,
1300194,
0300593,
0100106,
0900253,
0900213,
2400069,
0601032,
1600368,
0901056,
0200561,
1601053,
0501101,
2000001,
1700826,
0701097,
0100130,
0100042,
0101003,
0300469,
0401368,
0601052,
1701162,
0200728,
1500154,
0400976,
1200059,
1300059,
1700744,
0100607,
0501060,
0100524,
0201311,
0700293,
0501107,
1601051,
0201111,
0201136,
0401135,
0400904,
1801005,
2001041,
0401287,
1000435,
2101057,
0100399,
0201192,
0201124,
0400555,
0400297,
0700450,
0001001,
0401136,
2101019,
2401036,
0400839,
0500644,
0100051,
0401377,
0401129,
0701130,
2101054,
1401113,
0100800,
0201373,
2401023,
1601187,
1701034,
0200404,
0700500,
0600194,
1101003,
0700470,
0201249,
1601109,
0301058,
0200012,
0201223,
1201003,
0101111,
0700511,
1200275,
0500610,
0401118,
0400795,
1100117,
1000491,
1700516,
1401112,
1600046,
1701142,
0700187,
1501029,
1200229,
0201257,
0501148,
1601058,
0501023,
0401277,
0201462,
2101046,
0201410,
1001024,
0300613,
0701185,
0500548,
0401281,
1800118,
0100004,
0401320,
0700412,
0400533,
0201327,
0400314,
1201103,
0201476,
0500261,
1400155,
0200666,
0700491,
0701122,
0200936,
1300135,
0100821,
1000536,
0200849,
0200773,
0100611,
1300192,
2301001,
0700478,
0401148,
1600068,
1200132,
1901027,
0900263,
1501017,
0200001,
0401222,
1001065,
1000530,
0700114,
0900170,
1700995,
0101215,
1201041,
0701160,
1000375,
2401008,
1401013,
1300212,
1700926,
0300592,
0201398,
0500311,
0100874,
0100939,
1200347,
0700376,
0300322,
1701272,
0401280,
1401006,
1700438,
1700490,
0200974,
1800063,
0501040,
0501119,
0600193,
0701057,
0401214,
0400832,
0500211,
1401080,
0801017,
0700458,
1401122,
0901031,
0700501,
1700454,
1400277,
0700085,
0400561,
0400242,
1401014,
0201316,
0200769,
0401284,
0700331,
1101009,
0101219,
2401024,
1801046,
0200068,
0100909,
1500182,
0200127,
0401176,
2401030,
0701084,
0001017,
1701146,
0201378,
0701127,
0400164,
1701079,
1700674,
1701116,
0201077,
0201187,
0900120,
2000052,
0201310,
1701167,
1700448,
0601040,
0100284,
0700240,
0700246,
0400719,
0200820,
0200544,
0700312,
0701001,
0201128,
1401118,
2001010,
1400122,
1101010,
0201415,
0201444,
0701213,
1700859,
1601017,
1601066,
2001009,
2100056,
0200824,
1601176,
0101171,
0401333,
1000333,
0701024,
1201031,
0101153,
0500264,
2101029,
0201167,
1601000,
0200488,
0201216,
1001113,
1601105,
0500282,
0300485,
0300103,
0101041,
0400142,
1701115,
0200699,
0500298,
0900068,
0600191,
0501116,
1800213,
1701124,
0101161,
0501113,
0300317,
1401062,
0700339,
1000381,
1700436,
1201123,
1601031,
0100810,
0401142,
1001106,
0400357,
0801019,
1700741,
0401092,
0200963,
0401208,
0900185,
2001042,
1701081,
0500037,
0200721,
1701126,
0200264,
0200097,
0401303,
1700638,
0201317,
0201230,
0700353,
1701156,
0700295,
0300507,
0100759,
0201315,
0100951,
0901008,
0200316,
0401323,
2000353,
0200551,
0100104,
0200482,
0200897,
1200209,
0401363,
1400237,
1101022,
0100735,
0200252,
0500447,
0701149,
1300116,
1801019,
0201148,
1300168,
1701274,
2101006,
1701080,
1201125,
0201182,
0400604,
0900022,
0100895,
1100182,
0401163,
1000173,
0300575,
0101034,
0901007,
2000266,
0401098,
0801012,
0901066,
0901068,
0100248,
1001134,
1300099,
0100509,
0701192,
1600410,
1800083,
1701242,
0700460,
0401351,
0100860,
0400154,
0501104,
1601167,
1200239,
0101127,
0200741,
0600174,
0800094,
0400348,
0401230,
0700346,
1801010,
0200456,
0401250,
0600185,
1701185,
0100990,
0500396,
0301021,
2000244,
2101022,
0500468,
1600377,
2001067,
1701102,
0501128,
1700772,
0101119,
0201480,
0701048,
0200924,
0400738,
1701228,
0101192,
1700375,
1701220,
1701163,
1201099,
0100794,
0200534,
1200362,
1601106,
0300402,
0300213,
0200826,
0701184,
0200716,
1101046,
2001052,
0200579,
1400507,
0201242,
1100189,
1801011,
0100457,
0500602,
2101012,
0200653,
0301004,
1100201,
1601094,
0100644,
0400290,
0200874,
0201116,
0701040,
0701144,
1700542,
0200327,
1001083,
1000281,
0100033,
0300497,
0201137,
0700398,
0200208,
0100048,
0301010,
0100926,
0401186,
0201263,
1900037,
0700568,
1400371,
1700571,
1401081,
1000407,
0100675,
0101126,
1501055,
1301016,
0900259,
1700775,
2001013,
0101172,
0400117,
0400409,
1600214,
0401239,
0101207,
0500605,
2001076,
0100545,
1000023,
0101168,
0501122,
0400744,
0701110,
1601078,
0301031,
1100205,
0200781,
1801034,
1700799,
1500185,
2401005,
1001116,
1700783,
0601015,
0600126,
1400376,
0701157,
1800123,
0501162,
0501130,
0100745,
0700382,
1000133,
0200093,
0300546,
1001014,
0600209,
0401245,
1400173,
0401326,
0201363,
1800045,
0500320,
1200163,
2000310,
0201084,
0401157,
0200072,
1001078,
1700710,
0201095,
0101158,
0800097,
0500576,
1701074,
0401183,
1101007,
0200065,
1100170,
1601126,
1401134,
0101179,
0300399,
0201435,
1700650,
0400843,
0500593,
0701118,
1200423,
0200403,
1400225,
2101060,
0900240,
1701245,
0201132,
0501138,
0801030,
0701128,
0701148,
0201053,
0401369,
2001061,
0400278,
0901071,
1100019,
2000316,
0201460,
0200041,
0100324,
0100943,
0401339,
0100025,
0200318,
1501020,
0100535,
0100165,
1101001,
0201333,
0900193,
1600454,
0401203,
0401393,
0401267,
1201119,
0700479,
1201047,
0200644,
0100250,
0200818,
0501114,
1400383,
0001003,
2001004,
0400848,
0200558,
0200587,
0900151,
1000369,
0401329,
0400741,
0400582,
1300209,
0100408,
0300553,
0100938,
0200552,
0900012,
1700677,
1601132,
0200743,
0700186,
0200917,
1300150,
1901043,
1201081,
2400064,
1300190,
0701016,
1401146,
0500498,
0301054,
0200921,
1001076,
1701211,
1601001,
0100356,
1000393,
0100340,
0501093,
0400032,
0700327,
0501110,
0100225,
0200071,
0201440,
1601068,
0100502,
0200646,
0401298,
0501131,
0201215,
1701157,
0201371,
1400170,
1201112,
0400464,
0501098,
1701172,
0201031,
0201290,
1201057,
0700154,
1400479,
1601108,
0101145,
0400036,
0101005,
0500445,
0701155,
2101007,
1601182,
1600446,
1001107,
1701267,
1900123,
0401162,
0900167,
1801032,
2000026,
1701108,
0500692,
2101044,
0201459,
0400635,
1201095,
1900147,
0200341,
1000418,
2100139,
1001067,
1700608,
1201082,
0401224,
0100289,
0200914,
0201252,
1601015,
0400703,
0400831,
0701180,
0100314,
0700531,
1601130,
0701171,
2001025,
0700420,
0400352,
0401076,
0300413,
0200871,
1500140,
0501163,
0300338,
1600372,
1500146,
0700280,
1200270,
1201065,
0100632,
0100345,
1100198,
0101194,
0201164,
0400146,
2401031,
1701209,
0201180,
1801045,
0200023,
0300258,
0100339,
0501102,
0201355,
0501135,
0100921,
1700109,
0400873,
0401261,
0100518,
0300078,
0701115,
1700680,
0201473,
0700340,
1100161,
0300051,
0201261,
1400031,
1200351,
0200794,
0201240,
0701104,
1200165,
0100664,
1000004,
0201245,
0401259,
0200643,
1701186,
0200462,
0401350,
1801029,
0401294,
1700130,
0301064,
2101034,
0100055,
1100196,
1000212,
1200154,
1201076,
1601136,
0201083,
1201147,
0700093,
0300527,
1201086,
1400527,
0500703,
1401030,
1401035,
1701256,
1600340,
1700864,
1601050,
0301033,
0201183,
0600144,
1001072,
1200193,
1600473,
0300573,
1001054,
0400897,
2101058,
1401119,
1401142,
0200965,
1701030,
1901029,
1800158,
0400596,
2000162,
0301020,
0800085,
0701027,
0500293,
0701153,
0201405,
1700545,
0301061,
1000254,
0701135,
1100082,
1700158,
0200382,
1300191,
1200290,
0200984,
1600306,
2000268,
0200527,
2101048,
1801000,
1700900,
1601071,
1400069,
0001068,
0201472,
0100638,
0200751,
1600480,
1601088,
1001110,
0400118,
1501054,
0100299,
0100570,
1201034,
0201474,
1200412,
0201066,
1700033,
1700758,
0200744,
0500547,
0501052,
1100163,
1800161,
0100981,
1200169,
0201122,
0401103,
2100014,
1601009,
0401389,
0400552,
0201253,
0500347,
0201455,
0401346,
0400951,
1401020,
1401064,
2100140,
1001125,
0401356,
0500483,
0500689,
0601024,
0901055,
1500175,
1300202,
1900130,
0501152,
0001030,
0201414,
1800192,
0301043,
1200388,
1701032,
1900014,
0100173,
1300014,
1101058,
0400967,
1700573,
0701034,
2001058,
1600554,
0201158,
1700053,
0400850,
0500534,
1500077,
1600286,
1700502,
1601037,
0100078,
0301056,
1601035,
1400350,
0100086,
1201091,
2101033,
0200313,
0201326,
0200030,
0701112,
0001029,
1201224,
0701187,
0600152,
0501105,
1800165,
0701126,
2001043,
1401128,
0200250,
1200310,
1200389,
0401085,
1701035,
2000308,
0501165,
1600423,
0200190,
1700433,
0500540,
0201089,
0500502,
1000293,
1901057,
0100600,
1000458,
0400048,
0701218,
1701082,
0201177,
0201364,
0501067,
1600539,
1801025,
0201429,
1901015,
1300156,
2101031,
1700259,
1101040,
0200581,
1001037,
0501061,
0501068,
0500192,
1301024,
0400304,
0200797,
1400374,
0200139,
0301000,
0200758,
1001016,
1400515,
1601138,
0501045,
1000326,
0501019,
1301007,
0400207,
1401068,
1600572,
0200281,
0701078,
0100482,
0400935,
1501046,
0700202,
0401315,
1000024,
1401057,
0400707,
1000372,
0100521,
1701225,
1701227,
1601189,
0701138,
0400896,
0201037,
1700956,
0800128,
0100911,
1200307,
0201219,
1200246,
0701062,
1601049,
0600181,
1200227,
1300208,
0601014,
1601174,
0100988,
1501001,
1900081,
1701168,
0700264,
0600129,
1700812,
0400718,
0200306,
1201022,
0800079,
0300460,
0201222,
1400224,
1401067,
1201002,
0400114,
2101028,
0801018,
1000045,
1000186,
1700619,
0200188,
1700671,
0100085,
0501174,
0200454,
0701086,
0100624,
0700572,
0200049,
1100142,
0901033,
2400084,
0400077,
0400826,
0300600,
2101011,
0200144,
0401155,
0501029,
0601043,
0500136,
0300383,
1201001,
1901046,
1601125,
0701177,
0600213,
1400369,
2100145,
1701087,
0500541,
1801042,
0601055,
0101205,
2201004,
1700265,
0200236,
0900251,
0200443,
0201168,
0200112,
0601042,
1001121,
1601047,
1501048,
0400866,
1201109,
1001012,
0201456,
0901004,
1201115,
0401206,
0401223,
0401398,
0300572,
0201305,
0500537,
0201041,
0200504,
0400095,
1701217,
0100797,
0500577,
1700636,
0101180,
1701062,
1601097,
1401000,
2000324,
0700394,
1000337,
1701240,
1701219,
0201337,
1701226,
1700971,
0501159,
0201361,
0100960,
0400985,
0401019,
0100897,
1001004,
0701154,
1700955,
2000130,
0401285,
2101017,
0401237,
0401251,
1001069,
0401255,
0401361,
1100153,
1001015,
0900159,
0700483,
0401004,
2000212,
0100016,
0300587,
0201331,
1000325,
0600150,
0200210,
0700413,
1700769,
2001047,
2001026,
1700733,
0400359,
1801004,
1600087,
0200453,
2000141,
0900148,
1401005,
1900155,
0501160,
1101023,
1300119,
1000345,
0500637,
1601171,
0301005,
0400620,
1801039,
0201061,
0200956,
0700350,
0900223,
1400312,
1800077,
1801021,
0400948,
0101105,
1800176,
0301046,
0300159,
1300231,
1701018,
0201174,
0100176,
0501097,
2400068,
1201061,
2101030,
1401106,
0900175,
1600257,
0800086,
0701116,
0700227,
0500374,
0400743,
0401347,
2000258,
0201279,
0200115,
1000288,
0701106,
1301034,
1600205,
1701232,
1901054,
0700324,
1800098,
1300213,
0500059,
0401195,
0200660,
0400799,
0200222,
0001069,
1101037,
2000223,
1701279,
1600252,
0701071,
0901074,
0100375,
0401179,
1700546,
0601054,
1000405,
1001051,
0200314,
0300054,
0201027,
2000148,
0701195,
1001108,
0001009,
0101162,
0501056,
0201407,
1101029,
0200714,
1700203,
0401106,
1400285,
1001030,
1201130,
0401119,
1200352,
1200158,
1201102,
0401198,
1400348,
1700709,
0100615,
0401024,
1201134,
0700172,
0400483,
0200577,
0400958,
2400071,
0800083,
1000258,
0401305,
1400438,
0200347,
0200485,
0200883,
2001001,
1700579,
1401114,
0100946,
0701219,
0701012,
1501021,
0700493,
0701120,
0100114,
0400982,
0400544,
0400099,
0501095,
0200554,
1600297,
1201035,
1701278,
0400282,
0701063,
0401110,
0401360,
1701137,
0701011,
0101004,
1501039,
0500161,
2001035,
0200520,
0200154,
0201160,
0300465,
0400661,
1501010,
0401373,
0700437,
0400921,
0301041,
1601172,
1401133,
0100433,
0501139,
0901040,
1101053,
1400459,
1700623,
2001036,
0501010,
0100914,
0200194,
0201468,
1101049,
1201113,
0101035,
0300009,
0201404,
0401139,
2000290,
1601157,
2000117,
1401053,
1001115,
1000315,
1701273,
1600162,
0701051,
1800024,
1700263,
0400221,
0800123,
1401129,
0101146,
0701060,
1700920,
2000276,
0701193,
0400816,
0801009,
1701159,
0401173,
1201050,
0601047,
0700405,
0200388,
0300004,
0701076,
1400213,
1600476,
0500579,
1401023,
0100796,
2101024,
0201225,
1000234,
1801038,
0200177,
1200363,
1201142,
0200243,
1601169,
0901038,
1000172,
1400495,
2401021,
0201171,
0201372,
0100350,
1800184,
0500580,
0300414,
0401232,
1700791,
0400972,
0100222,
0200852,
0201051,
0100107,
0101185,
0501044,
1700006,
1001088,
1401074,
0701208,
0100614,
0400103,
1801043,
0300194,
1701210,
0701105,
0501076,
0900072,
1701266,
2001064,
1700077,
0501001,
0401283,
1700739,
0201277,
2100080,
0801027,
1701181,
0401299,
0101181,
0200559,
1700176,
0400059,
0501081,
0900011,
1701207,
0501168,
0200920,
1601148,
0401262,
1401059,
1701204,
0300532,
0300339,
0200102,
0601049,
0200346,
1801023,
0200696,
0200238,
0500395,
0501055,
0300585,
0400643,
0701049,
0500584,
1000366,
1700753,
2401040,
1701097,
0201094,
0700417,
1601092,
1401145,
0201288,
0401396,
0401378,
1000290,
0401219,
0501115,
1001085,
0700183,
0201126,
0401225,
0200003,
1001124,
2001063,
1000396,
0100891,
1601143,
0200692,
0500269,
0701015,
0200202,
1601175,
0601009,
0400248,
0200524,
1101014,
0201446,
1001074,
1900086,
0301011,
0701083,
0200705,
0201268,
0400515,
0701161,
0700448,
2001066,
1000444,
0400035,
0601019,
1000436,
1601165,
2100085,
1401065,
1201104,
0200760,
1501060,
1501059,
1401058,
0200507,
0001019,
0201336,
0300481,
1100184,
0400349,
1601180,
1901022,
1700712,
1700251,
1501027,
1001031,
0401154,
0301067,
1700475,
1601114,
0700406,
0100465,
0200682,
0400281,
0300434,
0401056,
0901005,
1101059,
1400526,
1700527,
1201058,
0401040,
1401055,
1001013,
1200332,
0201247,
1701054,
0001000,
0401254,
1300215,
0100287,
0900290,
1901047,
0101154,
0800081,
0201436,
1401130,
0201432,
1400420,
0100316,
1700867,
0900111,
1201049,
1600013,
1000486,
2000020,
0201318,
1200357,
0600160,
1700818,
0401180,
1201222,
0100944,
1901049,
1601121,
0400472,
0201344,
0300381,
1700601,
0901011,
1901055,
1601118,
1201044,
0900244,
0001020,
1800085,
0101124,
0401087,
1101052,
1701199,
1100151,
1601115,
1700396,
1701077,
1500188,
1901017,
1700349,
0401104,
0900168,
2401002,
1601144,
0201239,
0201274,
1701229,
1701096,
0401372,
1201100,
1401075,
0500403,
0101169,
0501053,
0701091,
0700151,
1001084,
0400322,
0400418,
1201138,
1801044,
0201194,
2101036,
0200360,
0200688,
1701125,
0500530,
0500393,
1701164,
0200244,
1000383,
0500118,
0300202,
0201118,
1701148,
0701007,
1600320,
0200911,
1100130,
1000249,
1701230,
1401126,
0700244,
1101019,
0401088,
0401122,
1700984,
0400004,
0201264,
0601037,
1800064,
1401044,
1200086,
1901012,
1001140,
0200557,
2101047,
0400884,
1000031,
1500134,
0300626,
1101012,
0901042,
1401071,
0201043,
0301027,
1200377,
2101059,
0400079,
1119181,
0900026,
0500629,
1900122,
0200331,
0401257,
2401032,
0401289,
1401082,
1201056,
0200513,
1300201,
0500013,
1001094,
0100485,
0901018,
2001056,
1301026,
0001066,
0100617,
0201173,
1001109,
1701276,
0801001,
1301014,
2400056,
1400409,
0701133,
1700737,
1401110,
1500183,
1401083,
1301027,
0300349,
0401058,
0200017,
0701166,
1200392,
0200040,
1801047,
0401201,
0501161,
0101113,
1901063,
1701214,
0100716,
0700037,
0201065,
0200819,
1800027,
0400354,
0401090,
1001000,
1101042,
0401193,
0200103,
0701198,
0201297,
0500497,
1901006,
1601073,
1601162,
0201052,
0200804,
1601069,
0200351,
0901070,
0400757,
0200430,
0100429,
1900142,
0100074,
0200850,
0201481,
0201442,
1401091,
0401050,
0300528,
2000319,
1701025,
0700143,
0501073,
0601039,
0600156,
0200729,
1800215,
0200784,
1401140,
1201033,
0001021,
0400870,
0201227,
1501018,
1601135,
0400733,
0200301,
0401258,
0100815,
0400932,
0201238,
0601006,
2400008,
0400364,
0500230,
0301036,
1201096,
0900029,
1401105,
1000462,
0100859,
1900166,
1401127,
0201320,
0100101,
0500651,
0401038,
0900214,
0400618,
1701216,
0300598,
0200607,
1701133,
2100007,
0200510,
1101034,
0401349,
1400339,
0200550,
0401384,
0800107,
0300560,
2101037,
1101035,
0500475,
0300405,
0100958,
0400869,
0200434,
0001031,
0800054,
0700352,
1401012,
1601020,
0900204,
1700043,
0301050,
0100892,
0100253,
0200392,
0401006,
0801008,
0200414,
0500653,
0601002,
0200613,
1901031,
1700690,
0500638,
0401051,
0200267,
0201382,
0200905,
0100143,
1701171,
0500466,
0700303,
1701247,
0901075,
0100296,
0400204,
0100232,
0400849,
0401120,
1200054,
0500531,
0400251,
0501153,
0401164,
1401024,
0401344,
0400546,
0501021,
0200268,
2000079,
0500533,
0401286,
1801033,
0200972,
1700209,
1400064,
1700607,
1401040,
0300534,
0200923,
0200195,
2101050,
0100863,
1700417,
1001136,
1800112,
1701048,
1701158,
0200545,
1601080,
0900129,
0101149,
0201154,
1400145,
0100310,
0300517,
1600467,
1700419,
0701139,
1200284,
0600136,
1700685,
0200120,
1401084,
0201236,
0400589,
0500607,
0200768,
1500115,
1601111,
0100806,
1200021,
0501078,
1201073,
0100973,
0700449,
0500178,
0200983,
1601181,
0201057,
0401144,
0200836,
0401215,
0200113,
0500518,
1700525,
0501051,
1301032,
0200171,
0700503,
2400076,
2000012,
1601124,
0701203,
0400398,
0101040,
0400063,
0200658,
0201319,
0101135,
1500125,
1601191,
0801022,
0501065,
0101208,
1201051,
1201023,
0201375,
0401209,
0300521,
1801017,
1601131,
1400521,
1300104,
1701026,
1701138,
1701283,
0200631,
0500321,
0400025,
0100857,
0200027,
1900083,
0700523,
0500621,
0201097,
1600426,
0100469,
0600215,
1600520,
0700291,
1201111,
2001028,
1701237,
0300273,
1200304,
0500368,
0201418,
1001105,
1101026,
1301019,
0701088,
1100176,
0001073,
1401124,
0200722,
0301048,
1000431,
1201122,
2001050,
0100052,
1501057,
0101096,
0200332,
1100103,
0400681,
1300211,
0900243,
0201283,
2101025,
1600302,
0401187,
0400801,
0200913,
0600206,
1400335,
1400419,
2000267,
1701127,
0100058,
0500481,
1001060,
1600443,
0401116,
0300348,
1401046,
2201001,
0500509,
0201286,
0300634,
2200041,
0200787,
0500050,
1700738,
0300079,
0600120,
1501035,
1600427,
0201207,
0300107,
0201354,
1400385,
0901064,
0501171,
0700297,
0200206,
0700471,
0501099,
2000354,
0401078,
0401301,
0201387,
0901030,
0701102,
0200323,
0200085,
0700439,
0400970,
1001036,
0901039,
1801028,
1500155,
1800067,
0700434,
1000543,
1001023,
0700081,
0201103,
0401391,
0401005,
2001005,
0101160,
1200408,
0201369,
0200034,
0400039,
1001039,
1000461,
0200037,
0100434,
0201135,
0700457,
0300081,
1400166,
0201260,
0201347,
0200546,
1600182,
2000309,
0200842,
1700696,
0100528,
0301059,
0700358,
0100959,
1300193,
1601164,
0100002,
1700762,
1701249,
0301008,
1900133,
0100764,
0101106,
1701271,
1401021,
0701094,
1500095,
1200224,
1001068,
0401268,
0601036,
0201417,
0500575,
0200364,
1800203,
1801049,
0401295,
0200592,
1401148,
0800032,
1701251,
0501002,
1900118,
1101038,
1701059,
1701063,
0701072,
0301045,
0701167,
0200319,
0701216,
2400083,
0400244,
0100925,
1001126,
1000338,
2401037,
0200389,
1701238,
1701179,
0201374,
0901019,
0200458,
0200417,
0100277,
1200306,
0201329,
0400013,
1700584,
0200572,
1801048,
0400284,
0701047,
1701221,
0601033,
1201128,
0401105,
0401394,
0400964,
2000200,
1700592,
1700835,
0701113,
0600183,
0701136,
1701263,
0101130,
0401246,
1801051,
0101133,
0800096,
0400908,
0200247,
2300018,
0100197,
2001014,
1200273,
0701039,
0400805,
0201295,
0401263,
0401072,
0201366,
2401015,
0201351,
0201411,
0101038,
2201000,
1601139,
0001032,
0300523,
1400496,
0700231,
1600192,
2401013,
1701262,
0100155,
0101204,
0201202,
1601146,
0401188,
0900249,
0600190,
9700076,
1000428,
1201015,
0901057,
0401108,
0900238,
1901056,
0401138,
1400221,
1201010,
0100837,
1200254,
0101210,
0901063,
0600132,
0400466,
2101045,
1201079,
0201069,
0200157,
0701164,
1501015,
1601079,
0100118,
2000304,
0201423,
1900172,
1600512,
0701025,
1500129,
0901021,
1200398,
0401189,
0900165,
1200096,
0600146,
1700367,
0200105,
1701085,
1700611,
1001099,
0300630,
2001046,
0401178,
1001002,
0901061,
1101045,
0800108,
2401027,
2100138,
0301037,
1600148,
0101148,
2100090,
0200372,
0700575,
1700789,
1100168,
1000540,
0400126,
1600551,
0500344,
0801006,
1500159,
0400336,
0201356,
0300515,
0701172,
0201198,
0200337,
0201224,
0701119,
0500494,
1400174,
0401357,
2001040,
1700153,
1300169,
0901067,
1400389,
0500319,
1101054,
0501086,
1600312,
0200448,
1300145,
0401228,
0500562,
0200605,
0701098,
0300529,
0200620,
1701050,
0200875,
1601055,
0100389,
0500310,
0200576,
1701257,
1901023,
0201380,
0700403,
0201172,
1501022,
1600553,
0601034,
0801000,
1600399,
0101137,
0201358,
1600355,
1400427,
0201365,
1600353,
2001065,
0100039,
0200428,
0100062,
0500032,
1201036,
0400934,
0700320,
0401397,
1300180,
0400091,
0500490,
1901003,
0300091,
0101110,
0501100,
1100013,
0500561,
1401100,
0401070,
0401083,
1001064,
0701080,
1401034,
1401141,
0700102,
1400477,
0101164,
2301007,
1701189,
0200508,
1300118,
1100202,
0701201,
1200346,
1400372,
1600330,
0401278,
1601081,
1201038,
0500315,
0400185,
0200124,
1701183,
0800127,
1800202,
1001048,
1601026,
0401121,
0401331,
0800045,
0501149,
1001040,
1700637,
1700277,
0600154,
0701069,
0200240,
1200250,
0700482,
1600466,
0400108,
1701155,
0400104,
1300103,
2000166,
1400212,
0201427,
0500570,
2000240,
1701100,
2000326,
0100776,
1201042,
0700466,
1701250,
1700998,
1700613,
0801025,
1701193,
0801029,
1700803,
0500704,
0201231,
1901058,
2000090,
1401103,
0501009,
1901024,
1401115,
0201285,
0200132,
0900286,
1800187,
1601117,
0801011,
0201068,
0001072,
0200594,
0201179,
0100642,
0601004,
0201448,
0200010,
2100061,
0701212,
0200745,
1901016,
0400460,
0601035,
0100422,
0200223,
1601127,
0200854,
0201394,
0201422,
0501070,
0200616,
0701147,
0201470,
1201114,
0100601,
0400659,
0200067,
0400573,
0700574,
0500073,
0100201,
0200717,
0400924,
0101136,
1801035,
0400158,
1700702,
1401056,
0200772,
1201060,
0100276,
1601010,
0200130,
0200175,
0700474,
2000152,
1401138,
1400466,
0200156,
0701087,
0501103,
2101052,
0400664,
0400938,
1300189,
2000219,
0501109,
0500154,
0500665,
0801016,
0501175,
0101002,
1401131,
0200783,
0200401,
1400321,
0101001,
0101120,
2201007,
1900126,
0200762,
0301018,
0100544,
0600202,
2001068,
1701246,
0101176,
0200858,
0101183,
0401124,
0901046,
1701258,
0200419,
0100510,
1701190,
0701079,
1001112,
2001057,
1800138,
0401034,
1201087,
0800049,
0901054,
1201127,
1000370,
0101142,
1201071,
0300464,
1701083,
0300267,
0401311,
0400914,
1601039,
0300603,
0100593,
0701209,
0901050,
1001118,
1300186,
0201433,
0400590,
1501051,
0700455,
1200308,
1400017,
1001100,
1600529,
0701214,
1601188,
2101032,
2001037,
0201419,
0101163,
0301017,
0400704,
0301051,
0100491,
0401054,
1400271,
1001141,
0200082,
0100628,
0400159,
1401033,
0501121,
0101189,
0201267,
0700068,
0200951,
2001032,
0500246,
1201040,
0500034,
1201116,
0001016,
1000349,
1001096,
0501134,
2201013,
0201451,
0301060,
0700564,
0200556,
1101028,
0501050,
0101008,
0601022,
1400252,
0001070,
1701239,
0200624,
0100676,
1701260,
2001029,
1601004,
0400076,
0700451,
1600316,
0100366,
0100875,
2000318,
0900232,
2000168,
0501147,
0200838,
0200167,
0400697,
1400293,
0400709,
0701095,
1001034,
1401123,
0400669,
0701082,
0101200,
0300017,
0200470,
0401352,
1201037,
0200233,
0501066,
1100079,
0400144,
0500542,
0400672,
0100040,
0400861,
0300499,
1500161,
0200636,
1700796,
0201144,
0300530,
0201452,
0701191,
0201307,
1601153,
1700469,
0400245,
0400980,
1101004,
0700259,
0201341,
2101026,
2000092,
1701282,
0500550,
0500385,
0501176,
1901025,
1301030,
0100679,
0901036,
0200574,
1401117,
1000215,
0700526,
0100682,
0701152,
0900266,
1400417,
0200437,
0401321,
0401325,
2001021,
0300248,
0300545,
1700699,
1400432,
0401010,
1000080,
1800133,
0401358,
1000027,
0700261,
1600290,
1901035,
2100144,
0201091,
1701177,
0400414,
0100802,
0400061,
0501069,
1200366,
0400585,
2000239,
0700573,
1801041,
0401340,
1600459,
0100779,
0400992,
0201312,
0401395,
1800169,
1701166,
1701270,
1700823,
1701206,
1200419,
0500501,
0201234,
1001089,
1501053,
0600178,
0401337,
1700065,
1201094,
0100298,
0501117,
0400147,
0400928,
1901032,
0400402,
0700536,
0200780,
0700494,
0300056,
1601177,
1701235,
0201449,
1400485,
1201129,
0501120,
0401335,
1200318,
1400247,
1400414,
1201133,
0201360,
0400238,
0100182,
0401077,
0400317,
0200442,
0100374,
1700813,
2001059,
1200327,
0701117,
0701096,
0300556,
1700434,
0700333,
0201313,
0401191,
0601046,
1500177,
0401147,
1100095,
1000168,
0101108,
0200812,
1301038,
2301006,
0300364,
0501054,
1600341,
0700515,
1600367,
0100922,
1201223,
1701269,
0700390,
0200447,
0100957,
0200128,
2101020,
1800181,
0101166,
1000319,
1400357,
0400835,
0901020,
1700742,
1001081,
0201438,
1801014,
0101187,
1601178,
1701212,
0200775,
1400452,
0900234,
0501140,
0400347,
0201469,
0501146,
0400631,
1400486,
1300003,
0201075,
0400952,
0201196,
1000533,
0801014,
1901050,
1501058,
1700538,
0200365,
0100220,
0201204,
0401243,
1400322,
0500079,
1400172,
0100396,
0500307,
0500451,
1600557,
0701174,
0200340,
0401306,
1701033,
0701035,
1201106,
1001128,
1901007,
1701037,
0201130,
1001032,
0100019,
1201121,
0601020,
1401093,
0100149,
1201105,
0100604,
0100646,
0701017,
0700519,
1701277,
0701013,
0900190,
0401185,
1100190,
1600445,
1400475,
1800093,
1401063,
1400336,
0201218,
0300514,
0200424,
0700292,
0900131,
1001041,
1201019,
2101009,
0200371,
0501112,
0200788,
0200099,
0100983,
1701141,
0001033,
0701100,
1800132,
0200087,
0501005,
1501062,
1700806,
2200038,
0400547,
1600239,
0200948,
1601082,
1101048,
1601140,
0400774,
1200374,
1000424,
1300181,
1701003,
0201272,
0100724,
0001012,
0401174,
0201163,
0100917,
1601141,
0100081,
0300526,
1600376,
1601155,
0201400,
0200391,
0700070,
1701268,
0200735,
0100762,
1001138,
0400550,
1601008,
1701224,
0400922,
1300148,
0500238,
2000241,
1601044,
2001027,
1401098,
1800095,
1600173,
0501111,
0200654,
0701064,
1201072,
0200245,
0201276,
0400862,
0400923,
1400476,
1201118,
1600188,
0201067,
1201045,
0300583,
1400481,
1201069,
0100090,
0401003,
2301005,
0101218,
0401025,
0501106,
1701098,
0200575,
1201009,
1001129,
1200223,
0901022,
1900077,
1700804,
2001002,
1900161,
1701135,
2001070,
0300566,
0100803,
0200408,
0100273,
1001043,
0201332,
0201214,
1700688,
0400717,
0401354,
0100343,
0401196,
1401038,
0201145,
0200441,
0900173,
0700072,
0701190,
2000286,
2000328,
0900218,
0201151,
1300086,
0100526,
0201176,
0500068,
0400430,
0101139,
0700388,
0701045,
1700877,
2001060,
0500457,
0100867,
1700624,
0700057,
0700219,
1000446,
0401099,
0401370,
0100156,
0600024,
1201150,
0401296,
1601166,
1701110,
1401042,
0401276,
1000535,
2101021,
0200312,
0101195,
1201135,
1700967,
1201101,
1701000,
1401086,
0500467,
1000241,
0201330,
0500427,
1600442,
2100017,
1501042,
1600451,
1800167,
2201014,
0201109,
0700095,
1400065,
2100081,
0901001,
1701051,
0400822,
0501137,
0200811,
0201152,
0700171,
0501136,
0801026,
0201101,
1400402,
1001087,
0401140,
2001039,
0100533,
0601044,
1200317,
0200038,
0801020,
0901025,
1601070,
0501156,
0200416,
1201143,
1201225,
1701131,
0201155,
1701132,
0701008,
1701175,
1400342,
1201063,
2000275,
0200713,
0400505,
0501059,
1501004,
0500484,
1701088,
0201409,
1100152,
0701210,
0501063,
1400463,
0201381,
0500686,
0501071,
0200625,
0700252,
0401184,
1700786,
0300331,
0201397,
1200001,
1601163,
1901064,
0401265,
0400776,
0200829,
0401332,
1501000,
0201385,
0701054,
0400351,
1700868,
0201461,
0401231,
0700234,
1401132,
1301003,
2101008,
0900219,
0500386,
1400489,
0700422,
0701033,
1001044,
0400286,
0501142,
0400819,
1700770,
0100634,
0100426,
0201009,
1200012,
0200413,
0100363,
0701132,
1701139,
0100777,
0501166,
0500365,
1601056,
1500164,
0501144,
0100215,
2101001,
0101159,
1301004,
0801004,
0301063,
0400069,
1901041,
0200235,
1400251,
0201389,
0401216,
0701182,
0200043,
0100953,
1701203,
0400110,
0700258,
0001064,
0301024,
2100125,
0100098,
0301049,
0100307,
0401308,
0400162,
0100612,
0401390,
1600385,
0401063,
1401097,
1600432,
0300006,
0500375,
0900268,
1401007,
1000411,
0501155,
0101109,
2000303,
1201059,
0700438,
0100907,
0501003,
0401123,
0700332,
1201018,
0201209,
0201233,
2001022,
2000226,
0201339,
0700563,
0401353,
0100996,
0200877,
2001038,
0500172,
1300024,
1401101,
0400671,
1001093,
1400399,
0200056,
0201117,
0200893,
0400588,
0800069,
2001000,
0500527,
0400217,
0201235,
0201129,
1701122,
0201335,
0401117,
0300452,
0101221,
2101042,
1400503,
0700520,
0401316,
1601014,
0300115,
1001020,
1201124,
1900152,
0701044,
0700157,
0801013,
2000282,
1300155,
1800204,
1700652,
1700672,
0400885,
1701191,
0601029,
0200070,
0500380,
1901009,
1601054,
2001049,
0701168,
1701129,
0701175,
1000378,
1401029,
0400222,
0100267,
1701076,
2001030,
0201403,
0300520,
1700793,
1701120,
1700736,
2000185,
0201008,
0201165,
1000253,
1001102,
0100138,
0801007,
0200710,
1201000,
1701072,
1401116,
0501124,
0201125,
1900098,
1601084,
0300569,
0100122,
0400981,
0100272,
1000231,
1700339,
0401240,
0100095,
0400953,
1700815,
0900216,
1700430,
2100123,
0501046,
0201306,
0400725,
0200511,
0501017,
2101003,
0200992,
1300136,
1200349,
0701200,
2000280,
0700249,
0400410,
1701024,
1401047,
1001120,
0100186,
0400014,
1701223,
1801015,
0800120,
0201064,
0500555,
0201309,
0101023,
0601031,
1001091,
1700695,
2200048,
0101196,
0101026,
0500619,
2401006,
0201379,
1700341,
1400318,
1801009,
1600565,
0100870,
2201010,
0700473,
0201458,
0100699,
0400852,
0400184,
0200477,
1400014,
0400892,
0200064,
0800122,
1801022,
1901051,
0601016,
0200317,
0300250,
0500596,
0901052,
2000108,
0701151,
0301052,
1700924,
0200385,
0801024,
2000207,
0401272,
0701181,
0600118,
1500169,
1301033,
1101036,
0400949,
0400486,
0700538,
1900139,
1601160,
0200597,
1301015,
0401399,
0601041,
1901053,
0400226,
0700492,
1601128,
0401141,
1500107,
0701036,
0400553,
0201376,
1001082,
0201120,
0201040,
1301011,
0400731,
0200119,
0201210,
1101025,
1701107,
0601053,
1700583,
1101039,
1701029,
0201127,
0400702,
1401041,
1000389,
0100643,
0200606,
1601147,
1601149,
0201338,
1001098,
1600127,
1601063,
0401270,
0401220,
0500258,
1501031,
1801002,
1700876,
0300397,
0200084,
0401297,
1401072,
2000121,
0901026,
1901052,
0100627,
0400668,
1901040,
0301019,
0201002,
1400159,
0400580,
0500711,
0700284,
0401330,
0901059,
1601093,
1300112,
0400465,
1200282,
1601129,
1101031,
0200362,
0200491,
1601113,
1201004,
2000153,
1700788,
1401078,
0100672,
0300278,
1701106,
0100569,
0701103,
0300618,
0400010,
1601151,
1701169,
0200169,
1701023,
0601045,
1900100,
1100063,
1900103,
0900276,
0200277,
1500073,
1401022,
2000302,
1701173,
0200855,
0400092,
0700302,
0400768,
0200395,
0200021,
0200767,
0300172,
0400527,
0101019,
1100174,
1900146,
0100885,
1600267,
1300152,
0400868,
1401011,
0900254,
1201053,
0300577,
0401170,
1001117,
0101191,
0701075,
0200940,
0400711,
0201014,
1700384,
0700499,
0200335,
0401018,
1000518,
1701253,
0401112,
2100003,
1700790,
0201211,
0100668,
0600176,
0101131,
0201275,
0200182,
0200637,
1601123,
2001073,
1201043,
0100109,
0200667,
0300422,
0501094,
0500283,
1000410,
1701198,
0201143,
0201121,
0401061,
1001133,
0401204,
0201220,
0100893,
0400899,
0401355,
0600115,
0400431,
0801015,
0700461,
2300015,
1701243,
0201055,
0401338,
0200869,
0400739,
0500594,
1300109,
0100881,
1000445,
0900126,
0401020,
1701069,
0200431,
0501129,
1901033,
2001007,
0200827,
0400202,
0200490,
0300447,
1001073,
1000368,
1401092,
1801040,
0700374,
0201359,
1601184,
1001127,
1101027,
0401111,
0400444,
1300007,
0700446,
0400018,
1601190,
0200265,
0100336,
0201270,
2401028,
0601018,
0400236,
0600159,
1301031,
1101015,
1000413,
0201393,
1600114,
0300578,
0701186,
2100116,
0400480,
0901060,
0701099,
1800116,
1601059,
0500241,
1800162,
0201289,
0501118,
1600436,
1101024,
1001062,
0100325,
0200922,
0400640,
0401328,
0100246,
0300541,
1401036,
1601158,
0701178,
1401143,
0100151,
0200627,
1000192,
2001011,
1501040,
1901008,
0100728,
0101214,
0400067,
1600452,
1701233,
1201097,
1600477,
0700021,
2100149,
0100285,
0201000,
2101056,
0201463,
0100029,
0800068,
0201085,
1200261,
1000144,
1701058,
1001027,
0701107,
0700009,
0501028,
0401057,
2201015,
0300438,
0001063,
0401309,
0201203,
0200986,
0100392,
0401288,
2101027,
1700666,
0401327,
0700279,
1300230,
1600324,
1501037,
1200316,
1600171,
2000146,
0201406,
0401314,
1400415,
0900127,
0101115,
0400629,
1400123,
2101023,
0200598,
1800163,
0300494,
2201009,
0201399,
1000336,
0500364,
1001103,
0200338,
1401109,
0401304,
2000274,
0201195,
1201085,
0201416,
0201334,
0101100,
0500458,
0500331,
0201471,
1401089,
0500026,
0200686,
0101220,
0201437,
0101217,
1701066,
1701280,
0400926,
0301044,
2001048,
0701163,
0701037,
1400344,
1301028,
0201314,
0200294,
0701183,
0300608,
0201431,
0201294,
1501056,
0300257,
0900132,
1601119,
0201447,
1401125,
0700185,
0501126,
0701202,
2300002,
0300030,
1201025,
0200880,
0301009,
0401387,
1600283,
0100467,
1700435,
1301000,
0401318,
0401374,
0500469,
1400337,
1601186,
1700535,
1601042,
0100053,
0400984,
0400017,
1301029,
1400220,
1401104,
0300563,
1701101,
0701074,
1001018,
1600506,
1001137,
0401042,
2000055,
1201080,
0500074,
0700433,
1000544,
0401266,
0500521,
0201047,
1800196,
1301018,
1001119,
0100154,
0201321,
1601085,
0200474,
1800139,
0900279,
0901076,
0100110,
1601061,
0200373,
0100038,
0500336,
0201439,
2201011,
0100261,
0600192,
1701152,
1700642,
1600390,
1200135,
2001008,
0501047,
1500187,
1400510,
0501075,
0601056,
1400354,
1001139,
0300581,
0101167,
0500199,
1701150,
2200046,
0100344,
1601101,
0201296,
1200218,
1700722,
0201088,
1401111,
2001055,
1600086,
0100610,
1701028,
0300393,
0500300,
1201148,
0200786,
1901030,
0200882,
0200737,
1000035,
0200516,
0300319,
0701199,
0500600,
0401218,
1400367,
0901000,
1701045,
1101051,
0701170,
0100178,
0501157,
1701234,
1500040,
0701055,
1600265,
0501062,
2000140,
0400490,
0400167,
2000345,
0201142,
0501150,
0201346,
0201426,
1700449,
0400227,
0300311,
1700863,
0200814,
1401069,
0201412,
0500696,
1700713,
1701091,
0400903,
0401385,
0700429,
0200311,
0701173,
0401026,
0401260,
0501096,
1200102,
1700481,
0101107,
0400875,
0300518,
0500655,
0501125,
1701236,
0100221,
0501177,
0200585,
0400454,
1801008,
0400198,
1500111,
1100145,
0200750,
0101104,
1101017,
0101132,
1901044,
2101049,
0200857,
1701215,
0200894,
1300124,
1600356,
1901021,
1700714,
1800145,
0601057,
0200253,
1600396,
0900070,
0101188,
2001019,
1100215,
1400441,
1701188,
0200530,
2100093,
0200111,
0400902,
0201003,
1701075,
1401049,
1901059,
0200957,
1100212,
1500104,
0701067,
1701176,
0500312,
0700425,
0201262,
0401093,
1600111,
0300631,
0501127,
0401002,
0201110,
1201064,
1700797,
1701071,
0500553,
0100146,
0601030,
1400175,
0401371,
0701114,
0701194,
0101134,
1800189,
0300607,
1400456,
0700233,
0300595,
1200410,
0901045,
1001079,
0601008,
0300318,
0100211,
0701207,
1200298,
1601087,
1401088,
1200277,
0400625,
1600116,
0201241,
1100033,
0201396,
1401102,
1901018,
2001077,
1700782,
1600120,
0401319,
2001062,
2000094,
0400842,
1701134,
1900158,
0200779,
0901062,
0400881,
0501141,
1701123,
0400828,
0201352,
0201254,
0100466,
1800186,
0101178,
1600227,
1001026,
0401096,
0500627,
0001067,
1701241,
1201110,
0100262,
1400197,
0401273,
1900068,
0101155,
1201078,
1400525,
0701158,
0501057,
0200706,
0200879,
0400770,
2401029,
1000011,
0500664,
0200595,
0800124,
0401334,
1601110,
0201475,
1000402,
0101118,
2001034,
0200361,
0401097,
0401145,
1700985,
0700158,
0900257,
1101047,
0100883,
0201248,
0600041,
2401012,
1001033,
0401052,
1001061,
1200287,
1800168,
0601025,
2000199,
0601026,
0401211,
0201342,
2400085,
1100169,
0401300,
0701211,
1700693,
1501038,
1300204,
0400001,
0100354,
0200535,
1700715,
1701213,
1901042,
1701197,
1000125,
0201113,
1601156,
0100567,
1601076,
0101129,
0201269,
0701066,
1000432,
1101050,
0400225,
0200994,
0101173,
0401307,
0200029,
0701053,
0401199,
1700948,
1000385,
0001065,
0201271,
1601052,
0401146,
1701208,
0701030,
1400179,
0500526,
0100937,
1201131,
0200985,
0300548,
0501164,
0700212,
1700966,
0300407,
0201377,
1000339,
0700407,
0501077,
1400233,
0400247,
0201229,
0101028,
1700848,
0200298,
0100304,
0400876,
1600199,
1801012,
1000006,
0101143,
0201190,
0400961,
1800183,
0400249,
0400476,
0200232,
2201006,
1701153,
0200531,
1300127,
0201221,
0101186,
1900136,
0700315,
1201026,
0200047,
1201145,
0201032,
0401115,
0100024,
0200498,
0500586,
1400439,
0200355,
1800149,
1501044,
1700724,
0200435,
0201420,
0701043,
1201108,
1701252,
0201185,
0400827,
1400334,
0400927,
1301002,
0400771,
0401290,
0200170,
1401094,
0201159,
0401364,
1701174,
0100205,
0800106,
0100084,
1700792,
0401275,
0501064,
0300579,
0300602,
0700366,
0100584,
0400138,
1200397,
0101216,
0300551,
1700284,
0501048,
0201457,
0401362,
1400260,
2100108,
1800047,
0201401,
0401160,
1200337,
0401227,
1601104,
0300190,
0200292,
0400782,
0101203,
2100150,
0201428,
0501091,
0200386,
0401322,
0500488,
1701109,
0500353,
1200032,
1701244,
0001015,
2101018,
1800210,
0401342,
0101213,
2101039,
0401213,
0200611,
0901051,
1901020,
1100113,
1500137,
1601021,
0101018,
0901065,
0800020,
0100238,
0200402,
0101128,
0100619,
1400243,
0201217,
0101024,
1400345,
1600470,
1701205,
0100171,
1000021,
1001122,
0201150,
1501030,
1000476,
0301029,
0200928,
2001017,
0201323,
0001071,
1800153,
0100653,
1001130,
0101170,
0100603,
0100714,
0201450,
2401018,
0201386,
1700646,
1300188,
0200168,
0201232,
1601122,
0401248,
1101000,
1501045,
0100537,
0100001,
0400478,
0101246,
0101247,
0501213,
0501214,
1201226,
1401179,
1701344,
2001091,
7000002,
8000001,
8000002,
8000003,
8000004,
0501291,
0401651